156  282  197  297  116  127  119   29  253  122 
349  110  143   64   26   86  122  455  655   14 
391   46  469   86  174  133   13  499  168   62 
127  276  176  146  108  276   50   73 
 82  100   98  150  243   68  228  131   73   18 
 20  100   72  133  465   40   46   34   44
 
 
 
 
 
Normal 156 282 197 297 116 127 119 29 253 122 349 110 143 64 26 86 122 455 655 14 
Alloxan 391 46 469 86 174 133 13 499 168 62 127 276 176 146 108 276 50 73 
Alloxan + insulin 82 100 98 150 243 68 228 131 73 18 20 100 72 133 465 40 46 34 44